0
-16
-16
0
96
160
224
352
432
416
432
352
208
112
-64
-224
-320
-464
-544
-544
-544
-464
-336
-240
-80
96
192
352
432
416
432
352
192
96
-80
-240
-336
-464
-544
-544
-544
-464
-336
-240
-80
96
192
352
432
416
432
352
208
112
-64
-224
-320
-464
-544
-544
-544
-464
-320
-224
-64
112
208
352
432
416
432
352
208
112
-64
-224
-320
-464
-544
-544
-544
-464
-336
-240
-80
96
192
352
432
416
432
352
192
96
-80
-240
-336
-464
-544
-544
-544
-464
-336
-240
-80
96
192
352
432
416
432
352
208
112
-64
-224
-320
-464
-544
-544
-544
-464
-320
-224
-64
112
208
352
432
416
432
352
208
112
-64
-224
-320
-464
-544
-544
-544
-464
-336
-240
-80
96
192
352
432
416
432
352
208
112
-64
-224
-320
-464
-544
-544
-544
-464
-336
-240
-80
96
192
352
432
416
432
352
192
96
-80
-240
-336
-464
-544
-544
-544
-464
-320
-224
-64
112
208
352
432
416
432
352
208
112
-64
-224
-320
-464
