0
-1
-1
0
6
10
14
22
27
26
27
22
13
7
-4
-14
-20
-29
-34
-34
-34
-29
-21
-15
-5
6
12
22
27
26
27
22
12
6
-5
-15
-21
-29
-34
-34
-34
-29
-21
-15
-5
6
12
22
27
26
27
22
13
7
-4
-14
-20
-29
-34
-34
-34
-29
-20
-14
-4
7
13
22
27
26
27
22
13
7
-4
-14
-20
-29
-34
-34
-34
-29
-21
-15
-5
6
12
22
27
26
27
22
12
6
-5
-15
-21
-29
-34
-34
-34
-29
-21
-15
-5
6
12
22
27
26
27
22
13
7
-4
-14
-20
-29
-34
-34
-34
-29
-20
-14
-4
7
13
22
27
26
27
22
13
7
-4
-14
-20
-29
-34
-34
-34
-29
-21
-15
-5
6
12
22
27
26
27
22
13
7
-4
-14
-20
-29
-34
-34
-34
-29
-21
-15
-5
6
12
22
27
26
27
22
12
6
-5
-15
-21
-29
-34
-34
-34
-29
-20
-14
-4
7
13
22
27
26
27
22
13
7
-4
-14
-20
-29
-34
-34
-34
