0
0
0
-16
-32
0
80
144
224
336
416
432
416
368
224
96
-48
-208
-320
-448
-544
-560
-528
-464
-352
-240
-96
80
208
336
416
432
416
368
208
80
-64
-224
-336
-448
-544
-560
-528
-464
-352
-240
-96
80
208
336
416
432
416
368
224
96
-48
-208
-320
-448
-544
-560
-528
-464
-336
-224
-80
96
224
336
416
432
416
368
224
96
-48
-208
-320
-448
-544
-560
-528
-464
-352
-240
-96
80
208
336
416
432
416
368
208
80
-64
-224
-336
-448
-544
-560
-528
-464
-352
-240
-96
80
208
336
416
432
416
368
224
96
-48
-208
-320
-448
-544
-560
-528
-464
-336
-224
-80
96
224
336
416
432
416
368
224
96
-48
-208
-320
-448
-544
-560
-528
-464
-352
-240
-96
80
208
336
416
432
416
368
224
96
-48
-208
-320
-448
-544
-560
-528
-464
-352
-240
-96
80
208
336
416
432
416
368
208
80
-64
-224
-336
-448
-544
-560
-528
-464
-336
-224
-80
96
224
336
416
432
416
368
224
96
-48
-208
-320
-448
-544
