0
-32
-32
0
192
320
448
704
864
832
864
704
416
224
-128
-448
-640
-928
-1088
-1088
-1088
-928
-672
-480
-160
192
384
704
864
832
864
704
384
192
-160
-480
-672
-928
-1088
-1088
-1088
-928
-672
-480
-160
192
384
704
864
832
864
704
416
224
-128
-448
-640
-928
-1088
-1088
-1088
-928
-640
-448
-128
224
416
704
864
832
864
704
416
224
-128
-448
-640
-928
-1088
-1088
-1088
-928
-672
-480
-160
192
384
704
864
832
864
704
384
192
-160
-480
-672
-928
-1088
-1088
-1088
-928
-672
-480
-160
192
384
704
864
832
864
704
416
224
-128
-448
-640
-928
-1088
-1088
-1088
-928
-640
-448
-128
224
416
704
864
832
864
704
416
224
-128
-448
-640
-928
-1088
-1088
-1088
-928
-672
-480
-160
192
384
704
864
832
864
704
416
224
-128
-448
-640
-928
-1088
-1088
-1088
-928
-672
-480
-160
192
384
704
864
832
864
704
384
192
-160
-480
-672
-928
-1088
-1088
-1088
-928
-640
-448
-128
224
416
704
864
832
864
704
416
224
-128
-448
-640
-928
-1088
-1088
-1088
