0
-16
-16
0
96
160
0
96
160
224
352
432
416
432
352
208
112
-64
-544
-544
-544
-464
-336
-240
-80
96
192
-80
96
192
-80
96
192
-80
96
192
-80
96
192
352
432
416
96
-80
-240
96
-80
-240
-544
-544
-464
-336
-240
-80
352
208
112
352
208
112
-64
-224
-320
-64
-224
-320
-464
-544
-544
-224
-64
112
208
352
432
416
432
352
-224
-320
-464
-224
-320
-464
-544
-544
-544
-544
-544
-544
-80
96
192
96
-80
-240
96
-80
-240
-336
-464
-544
-336
-464
-544
-336
-464
-544
-336
-464
-544
96
192
352
96
192
352
432
416
432
352
208
112
-464
-544
-544
-224
-64
112
-224
-64
112
208
352
432
416
432
352
208
112
-64
-544
-544
-544
-464
-336
-240
-80
96
192
352
432
416
432
352
208
432
352
208
432
352
208
112
-64
-224
-544
-544
-464
-544
-544
-464
-336
-240
-80
352
192
96
-80
-240
-336
-464
-544
-544
-544
-464
-320
-544
-464
-320
-224
-64
112
208
352
432
208
352
432
208
352
432
