0
-8
-14
55
259
401
527
813
974
949
974
820
540
345
0
-346
-541
-821
-975
-950
-975
-821
-541
-346
-1
345
540
820
974
949
974
820
540
345
0
-346
-541
-821
-975
-950
-975
-821
-541
-346
-1
345
540
820
974
949
974
820
540
345
0
-346
-541
-821
-975
-950
-975
-821
-541
-346
0
345
540
820
974
949
974
820
540
345
0
-346
-541
-821
-975
-950
-975
-821
-541
-346
0
345
540
820
974
949
974
820
540
345
-1
-346
-541
-821
-975
-950
-975
-821
-541
-346
-1
345
540
820
974
949
974
820
540
345
0
-346
-541
-821
-975
-950
-975
-821
-541
-346
0
345
540
820
974
949
974
820
540
345
0
-346
-541
-821
-975
-950
-975
-821
-541
-346
-1
345
540
820
974
949
974
820
540
345
0
-346
-541
-821
-975
-950
-975
-821
-541
-346
-1
345
540
820
974
949
974
820
540
345
-1
-346
-541
-821
-975
-950
-975
-821
-541
-346
0
345
540
820
974
949
974
820
540
345
0
-346
-541
-821
-975
-950
-975
