0
1144
-372
1144
1575
0
1575
1144
-372
1144
0
-1145
371
-1145
-1576
0
-1576
-1145
371
-1145
-1
1144
-372
1144
1575
0
1575
1144
-372
1144
-1
-1145
371
-1145
-1576
0
-1576
-1145
371
-1145
-1
1144
-372
1144
1575
0
1575
1144
-372
1144
0
-1145
371
-1145
-1576
0
-1576
-1145
371
-1145
0
1144
-372
1144
1575
0
1575
1144
-372
1144
0
-1145
371
-1145
-1576
0
-1576
-1145
371
-1145
-1
1144
-372
1144
1575
0
1575
1144
-372
1144
-1
-1145
371
-1145
-1576
0
-1576
-1145
371
-1145
-1
1144
-372
1144
1575
0
1575
1144
-372
1144
0
-1145
371
-1145
-1576
0
-1576
-1145
371
-1145
0
1144
-372
1144
1575
0
1575
1144
-372
1144
0
-1145
371
-1145
-1576
0
-1576
-1145
371
-1145
-1
1144
-372
1144
1575
0
1575
1144
-372
1144
0
-1145
371
-1145
-1576
0
-1576
-1145
371
-1145
-1
1144
-372
1144
1575
0
1575
1144
-372
1144
-1
-1145
371
-1145
-1576
0
-1576
-1145
371
-1145
0
1144
-372
1144
1575
0
1575
1144
-372
1144
0
-1145
371
-1145
-1576
0
-1576
-1145
371
-1145
-1
